1 0.108889 0.285833 0.088889 0.141667
1 0.300000 0.345833 0.086667 0.158333
0 0.551111 0.318333 0.075556 0.156667
0 0.737778 0.307500 0.100000 0.188333
0 0.323333 0.155000 0.051111 0.096667
0 0.478889 0.160833 0.042222 0.088333
0 0.205000 0.185000 0.052222 0.100000
0 0.028889 0.175833 0.055556 0.081667
0 0.861111 0.275000 0.075556 0.110000
1 0.773889 0.173333 0.047778 0.086667
0 0.585000 0.132500 0.030000 0.065000
0 0.542222 0.143333 0.037778 0.076667
1 0.912222 0.143333 0.044444 0.070000
1 0.683333 0.154167 0.033333 0.058333
