0 0.441406 0.465820 0.075521 0.103516
0 0.074870 0.256836 0.066406 0.111328
0 0.162109 0.302734 0.055990 0.105469
0 0.340495 0.285156 0.074219 0.117188
0 0.403646 0.268555 0.057292 0.095703
0 0.569010 0.266602 0.059896 0.091797
0 0.517578 0.257812 0.042969 0.093750
0 0.941406 0.248047 0.059896 0.089844
0 0.705078 0.338867 0.071615 0.119141
0 0.754557 0.235352 0.058594 0.111328
0 0.880859 0.224609 0.050781 0.105469
1 0.808594 0.250977 0.046875 0.080078
0 0.466146 0.259766 0.054688 0.085938
0 0.292969 0.220703 0.041667 0.078125
