0 0.376736 0.811979 0.082639 0.126042
0 0.118056 0.602083 0.083333 0.104167
0 0.240972 0.554167 0.073611 0.093750
0 0.768056 0.453125 0.097222 0.127083
0 0.470833 0.452083 0.065278 0.127083
0 0.539583 0.377083 0.052778 0.100000
0 0.354861 0.413542 0.050000 0.062500
0 0.153125 0.432812 0.046528 0.086458
1 0.268056 0.360417 0.038889 0.062500
0 0.564931 0.250521 0.046528 0.073958
0 0.307292 0.513021 0.057639 0.119792
0 0.629861 0.340104 0.038889 0.092708
0 0.303819 0.246875 0.035417 0.072917
0 0.461806 0.211458 0.045833 0.085417
